466955.655 4559251.526     12.541
466955.617 4559252.398     12.667
466955.503 4559253.262     12.841
466955.314 4559254.114     13.052
466955.052 4559254.946     13.256
466954.718 4559255.752     13.454
466954.315 4559256.526     13.695
466953.847 4559257.262     13.930
466953.315 4559257.954     14.125
466952.726 4559258.597     14.296
466952.083 4559259.186     14.452
466951.391 4559259.718     14.592
466950.655 4559260.186     14.696
466949.881 4559260.589     14.643
466949.075 4559260.923     14.675
466948.243 4559261.185     14.714
466947.391 4559261.374     14.761
466946.527 4559261.488     14.814
466945.655 4559261.526     14.828
466944.783 4559261.488     14.784
466943.919 4559261.374     14.787
466943.067 4559261.185     14.872
466942.235 4559260.923     14.973
466941.429 4559260.589     15.097
466940.655 4559260.186     15.238
466939.919 4559259.718     15.280
466939.227 4559259.186     15.160
466938.584 4559258.597     15.037
466937.995 4559257.954     14.916
466937.463 4559257.262     14.798
466936.995 4559256.526     14.679
466936.592 4559255.752     14.591
466936.258 4559254.946     14.551
466935.996 4559254.114     14.502
466935.807 4559253.262     14.445
466935.693 4559252.398     14.379
466935.655 4559251.526     14.305
466935.693 4559250.654     14.254
466935.807 4559249.790     14.157
466935.996 4559248.938     13.453
466936.258 4559248.106     12.807
466936.592 4559247.300     12.169
466936.995 4559246.526     11.544
466937.463 4559245.790     11.603
466937.995 4559245.098     11.129
466938.584 4559244.455     10.656
466939.227 4559243.866     10.028
466939.919 4559243.334      9.797
466940.655 4559242.866      9.668
466941.429 4559242.463      9.568
466942.235 4559242.129      9.490
466943.067 4559241.867      9.433
466943.919 4559241.678      9.397
466944.783 4559241.564      9.384
466945.655 4559241.526      9.361
466946.527 4559241.564      9.349
466947.391 4559241.678      9.352
466948.243 4559241.867      9.371
466949.075 4559242.129      9.418
466949.881 4559242.463      9.496
466950.655 4559242.866      9.677
466951.391 4559243.334      9.882
466952.083 4559243.866     10.094
466952.726 4559244.455     10.315
466953.315 4559245.098     10.536
466953.847 4559245.790     10.758
466954.315 4559246.526     11.054
466954.718 4559247.300     11.360
466955.052 4559248.106     11.667
466955.314 4559248.938     11.972
466955.503 4559249.790     12.237
466955.617 4559250.654     12.405
466906.829 4559247.396     12.373
466906.791 4559248.268     12.343
466906.677 4559249.132     12.308
466906.488 4559249.984     12.266
466906.226 4559250.816     12.077
466905.892 4559251.622     11.900
466905.489 4559252.396     11.734
466905.021 4559253.132     11.572
466904.489 4559253.824     11.408
466903.900 4559254.467     11.244
466903.257 4559255.056     11.087
466902.565 4559255.588     10.955
466901.829 4559256.056     10.855
466901.055 4559256.459     10.762
466900.249 4559256.793     10.677
466899.417 4559257.055     10.611
466898.565 4559257.244     10.560
466897.701 4559257.358     10.518
466896.829 4559257.396     10.488
466895.957 4559257.358     10.473
466895.093 4559257.244     10.485
466894.241 4559257.055     10.509
466893.409 4559256.793     10.546
466892.603 4559256.459     10.595
466891.829 4559256.056     10.656
466891.093 4559255.588     10.729
466890.401 4559255.056     10.809
466889.758 4559254.467     10.891
466889.169 4559253.824     10.997
466888.637 4559253.132     11.115
466888.169 4559252.396     11.243
466887.766 4559251.622     11.379
466887.432 4559250.816     11.523
466887.170 4559249.984     11.782
466886.981 4559249.132     11.902
466886.867 4559248.268     11.978
466886.829 4559247.396     12.027
466886.867 4559246.524     12.138
466886.981 4559245.660     12.249
466887.170 4559244.808     12.361
466887.432 4559243.976     12.471
466887.766 4559243.170     12.580
466888.169 4559242.396     12.686
466888.637 4559241.660     12.788
466889.169 4559240.968     12.911
466889.758 4559240.325     13.070
466890.401 4559239.736     13.095
466891.093 4559239.204     12.987
466891.829 4559238.736     12.874
466892.603 4559238.333     12.769
466893.409 4559237.999     12.672
466894.241 4559237.737     12.585
466895.093 4559237.548     12.507
466895.957 4559237.434     12.441
466896.829 4559237.396     12.385
466897.701 4559237.434     12.342
466898.565 4559237.548     12.311
466899.417 4559237.737     12.292
466900.249 4559237.999     12.306
466901.055 4559238.333     12.377
466901.829 4559238.736     12.458
466902.565 4559239.204     12.548
466903.257 4559239.736     12.647
466903.900 4559240.325     12.673
466904.489 4559240.968     12.627
466905.021 4559241.660     12.576
466905.489 4559242.396     12.518
466905.892 4559243.170     12.478
466906.226 4559243.976     12.457
466906.488 4559244.808     12.431
466906.677 4559245.660     12.415
466906.791 4559246.524     12.397
466856.430 4559243.362      6.785
466856.392 4559244.234      6.888
466856.278 4559245.098      6.983
466856.089 4559245.950      7.102
466855.827 4559246.782      7.217
466855.493 4559247.588      7.318
466855.090 4559248.362      7.406
466854.622 4559249.098      7.469
466854.090 4559249.790      7.471
466853.501 4559250.433      7.393
466852.858 4559251.022      7.292
466852.166 4559251.554      7.165
466851.430 4559252.022      7.033
466850.656 4559252.425      6.945
466849.850 4559252.759      6.890
466849.018 4559253.021      6.915
466848.166 4559253.210      6.946
466847.302 4559253.324      6.981
466846.430 4559253.362      7.017
466845.558 4559253.324      7.052
466844.694 4559253.210      7.091
466843.842 4559253.021      7.132
466843.010 4559252.759      7.176
466842.204 4559252.425      7.223
466841.430 4559252.022      7.271
466840.694 4559251.554      7.321
466840.002 4559251.022      7.373
466839.359 4559250.433      7.410
466838.770 4559249.790      7.433
466838.238 4559249.098      7.425
466837.770 4559248.362      7.414
466837.367 4559247.588      7.402
466837.033 4559246.782      7.387
466836.771 4559245.950      7.371
466836.582 4559245.098      7.354
466836.468 4559244.234      7.335
466836.430 4559243.362      7.322
466836.468 4559242.490      7.331
466836.582 4559241.626      7.337
466836.771 4559240.774      7.338
466837.033 4559239.942      7.335
466837.367 4559239.136      7.329
466837.770 4559238.362      7.319
466838.238 4559237.626      7.305
466838.770 4559236.934      7.287
466839.359 4559236.291      7.265
466840.002 4559235.702      7.240
466840.694 4559235.170      7.184
466841.430 4559234.702      7.110
466842.204 4559234.299      7.022
466843.010 4559233.965      6.755
466843.842 4559233.703      6.419
466844.694 4559233.514      6.202
466845.558 4559233.400      6.008
466846.430 4559233.362      5.814
466847.302 4559233.400      5.623
466848.166 4559233.514      5.435
466849.018 4559233.703      5.275
466849.850 4559233.965      5.191
466850.656 4559234.299      5.253
466851.430 4559234.702      5.352
466852.166 4559235.170      5.457
466852.858 4559235.702      5.566
466853.501 4559236.291      5.679
466854.090 4559236.934      5.795
466854.622 4559237.626      5.912
466855.090 4559238.362      6.046
466855.493 4559239.136      6.223
466855.827 4559239.942      6.399
466856.089 4559240.774      6.484
466856.278 4559241.626      6.563
466856.392 4559242.490      6.677
466806.822 4559237.724     11.045
466806.784 4559238.596     11.114
466806.670 4559239.460     11.216
466806.481 4559240.312     11.336
466806.219 4559241.144     11.465
466805.885 4559241.950     11.624
466805.482 4559242.724     11.814
466805.014 4559243.460     12.044
466804.482 4559244.152     12.372
466803.893 4559244.795     12.610
466803.250 4559245.384     12.839
466802.558 4559245.916     13.081
466801.822 4559246.384     13.331
466801.048 4559246.787     13.590
466800.242 4559247.121     13.867
466799.410 4559247.383     14.114
466798.558 4559247.572     14.502
466797.694 4559247.686     14.884
466796.822 4559247.724     15.259
466795.950 4559247.686     15.618
466795.086 4559247.572     15.990
466794.234 4559247.383     16.382
466793.402 4559247.121     16.752
466792.596 4559246.787     17.099
466791.822 4559246.384     17.407
466791.086 4559245.916     17.688
466790.394 4559245.384     17.945
466789.751 4559244.795     18.119
466789.162 4559244.152     18.123
466788.630 4559243.460     17.982
466788.162 4559242.724     17.882
466787.759 4559241.950     17.767
466787.425 4559241.144     17.636
466787.163 4559240.312     17.492
466786.974 4559239.460     17.063
466786.860 4559238.596     16.319
466786.822 4559237.724     15.333
466786.860 4559236.852     14.274
466786.974 4559235.988     13.158
466787.163 4559235.136     12.404
466787.425 4559234.304     11.804
466787.759 4559233.498     11.466
466788.162 4559232.724     11.142
466788.630 4559231.988     10.765
466789.162 4559231.296     10.273
466789.751 4559230.653      9.965
466790.394 4559230.064      9.806
466791.086 4559229.532      9.738
466791.822 4559229.064      9.685
466792.596 4559228.661      9.639
466793.402 4559228.327      9.602
466794.234 4559228.065      9.573
466795.086 4559227.876      9.553
466795.950 4559227.762      9.541
466796.822 4559227.724      9.539
466797.694 4559227.762      9.545
466798.558 4559227.876      9.560
466799.410 4559228.065      9.584
466800.242 4559228.327      9.599
466801.048 4559228.661      9.585
466801.822 4559229.064      9.581
466802.558 4559229.532      9.587
466803.250 4559230.064      9.617
466803.893 4559230.653      9.695
466804.482 4559231.296      9.880
466805.014 4559231.988     10.084
466805.482 4559232.724     10.220
466805.885 4559233.498     10.370
466806.219 4559234.304     10.533
466806.481 4559235.136     10.709
466806.670 4559235.988     10.896
466806.784 4559236.852     11.010
466757.416 4559230.941      9.879
466757.378 4559231.813      9.987
466757.264 4559232.677     10.072
466757.075 4559233.529     10.148
466756.813 4559234.361     10.219
466756.479 4559235.167     10.284
466756.076 4559235.941     10.342
466755.608 4559236.677     10.392
466755.076 4559237.369     10.435
466754.487 4559238.012     10.476
466753.844 4559238.601     10.517
466753.152 4559239.133     10.549
466752.416 4559239.601     10.571
466751.642 4559240.004     10.584
466750.836 4559240.338     10.553
466750.004 4559240.600     10.480
466749.152 4559240.789     10.363
466748.288 4559240.903     10.248
466747.416 4559240.941     10.135
466746.544 4559240.903     10.026
466745.680 4559240.789      9.955
466744.828 4559240.600      9.862
466743.996 4559240.338      9.764
466743.190 4559240.004      9.669
466742.416 4559239.601      9.543
466741.680 4559239.133      9.415
466740.988 4559238.601      9.288
466740.345 4559238.012      9.161
466739.756 4559237.369      9.063
466739.224 4559236.677      8.999
466738.756 4559235.941      8.935
466738.353 4559235.167      8.871
466738.019 4559234.361      8.805
466737.757 4559233.529      8.738
466737.568 4559232.677      8.670
466737.454 4559231.813      8.602
466737.416 4559230.941      8.534
466737.454 4559230.069      8.467
466737.568 4559229.205      8.386
466737.757 4559228.353      8.306
466738.019 4559227.521      8.228
466738.353 4559226.715      8.154
466738.756 4559225.941      8.083
466739.224 4559225.205      8.021
466739.756 4559224.513      7.960
466740.345 4559223.870      7.903
466740.988 4559223.281      7.862
466741.680 4559222.749      7.827
466742.416 4559222.281      7.800
466743.190 4559221.878      7.781
466743.996 4559221.544      7.769
466744.828 4559221.282      7.766
466745.680 4559221.093      7.756
466746.544 4559220.979      7.747
466747.416 4559220.941      7.750
466748.288 4559220.979      7.766
466749.152 4559221.093      7.794
466750.004 4559221.282      7.836
466750.836 4559221.544      7.950
466751.642 4559221.878      8.075
466752.416 4559222.281      8.209
466753.152 4559222.749      8.354
466753.844 4559223.281      8.522
466754.487 4559223.870      8.696
466755.076 4559224.513      8.873
466755.608 4559225.205      9.037
466756.076 4559225.941      9.161
466756.479 4559226.715      9.285
466756.813 4559227.521      9.407
466757.075 4559228.353      9.528
466757.264 4559229.205      9.647
466757.378 4559230.069      9.774
466708.121 4559238.137      9.300
466708.083 4559239.009      9.334
466707.969 4559239.873      9.367
466707.780 4559240.725      9.369
466707.518 4559241.557      9.366
466707.184 4559242.363      9.363
466706.781 4559243.137      9.361
466706.313 4559243.873      9.352
466705.781 4559244.565      9.345
466705.192 4559245.208      9.341
466704.549 4559245.797      9.341
466703.857 4559246.329      9.345
466703.121 4559246.797      9.350
466702.347 4559247.200      9.349
466701.541 4559247.534      9.348
466700.709 4559247.796      9.348
466699.857 4559247.985      9.338
466698.993 4559248.099      9.279
466698.121 4559248.137      9.220
466697.249 4559248.099      9.161
466696.385 4559247.985      9.103
466695.533 4559247.796      9.073
466694.701 4559247.534      9.065
466693.895 4559247.200      9.059
466693.121 4559246.797      9.056
466692.385 4559246.329      9.056
466691.693 4559245.797      9.058
466691.050 4559245.208      9.141
466690.461 4559244.565      9.252
466689.929 4559243.873      9.363
466689.461 4559243.137      9.456
466689.058 4559242.363      9.554
466688.724 4559241.557      9.656
466688.462 4559240.725      9.762
466688.273 4559239.873      9.865
466688.159 4559239.009      9.895
466688.121 4559238.137      9.908
466688.159 4559237.265      9.921
466688.273 4559236.401      9.933
466688.462 4559235.549      9.943
466688.724 4559234.717      9.953
466689.058 4559233.911      9.962
466689.461 4559233.137      9.969
466689.929 4559232.401      9.975
466690.461 4559231.709      9.963
466691.050 4559231.066      9.933
466691.693 4559230.477      9.892
466692.385 4559229.945      9.853
466693.121 4559229.477      9.785
466693.895 4559229.074      9.706
466694.701 4559228.740      9.629
466695.533 4559228.478      9.556
466696.385 4559228.289      9.486
466697.249 4559228.175      9.419
466698.121 4559228.137      9.358
466698.993 4559228.175      9.301
466699.857 4559228.289      9.249
466700.709 4559228.478      9.226
466701.541 4559228.740      9.213
466702.347 4559229.074      9.205
466703.121 4559229.477      9.203
466703.857 4559229.945      9.207
466704.549 4559230.477      9.192
466705.192 4559231.066      9.171
466705.781 4559231.709      9.152
466706.313 4559232.401      9.135
466706.781 4559233.137      9.121
466707.184 4559233.911      9.137
466707.518 4559234.717      9.168
466707.780 4559235.549      9.200
466707.969 4559236.401      9.233
466708.083 4559237.265      9.266
466652.929 4559246.746      8.572
466652.891 4559247.618      8.684
466652.777 4559248.482      8.795
466652.588 4559249.334      8.849
466652.326 4559250.166      8.906
466651.992 4559250.972      8.970
466651.589 4559251.746      9.046
466651.121 4559252.482      9.135
466650.589 4559253.174      9.227
466650.000 4559253.817      9.329
466649.357 4559254.406      9.447
466648.665 4559254.938      9.581
466647.929 4559255.406      9.751
466647.155 4559255.809      9.925
466646.349 4559256.143     10.162
466645.517 4559256.405     10.445
466644.665 4559256.594     10.729
466643.801 4559256.708     11.001
466642.929 4559256.746     11.155
466642.057 4559256.708     11.317
466641.193 4559256.594     11.484
466640.341 4559256.405     11.692
466639.509 4559256.143     11.916
466638.703 4559255.809     12.178
466637.929 4559255.406     12.347
466637.193 4559254.938     12.359
466636.501 4559254.406     12.362
466635.858 4559253.817     12.357
466635.269 4559253.174     12.354
466634.737 4559252.482     12.351
466634.269 4559251.746     12.338
466633.866 4559250.972     12.184
466633.532 4559250.166     11.837
466633.270 4559249.334     11.137
466633.081 4559248.482     10.604
466632.967 4559247.618     10.188
466632.929 4559246.746      9.717
466632.967 4559245.874      9.157
466633.081 4559245.010      8.606
466633.270 4559244.158      8.203
466633.532 4559243.326      7.968
466633.866 4559242.520      7.747
466634.269 4559241.746      7.541
466634.737 4559241.010      7.352
466635.269 4559240.318      7.150
466635.858 4559239.675      7.122
466636.501 4559239.086      7.203
466637.193 4559238.554      7.283
466637.929 4559238.086      7.362
466638.703 4559237.683      7.438
466639.509 4559237.349      7.510
466640.341 4559237.087      7.618
466641.193 4559236.898      7.777
466642.057 4559236.784      7.893
466642.929 4559236.746      7.935
466643.801 4559236.784      7.966
466644.665 4559236.898      7.985
466645.517 4559237.087      7.993
466646.349 4559237.349      7.990
466647.155 4559237.683      7.976
466647.929 4559238.086      7.951
466648.665 4559238.554      7.914
466649.357 4559239.086      7.858
466650.000 4559239.675      7.791
466650.589 4559240.318      7.787
466651.121 4559241.010      7.880
466651.589 4559241.746      7.977
466651.992 4559242.520      8.040
466652.326 4559243.326      8.140
466652.588 4559244.158      8.245
466652.777 4559245.010      8.352
466652.891 4559245.874      8.461
466607.897 4559270.977     13.708
466607.859 4559271.849     13.763
466607.745 4559272.713     13.832
466607.556 4559273.565     13.916
466607.294 4559274.397     14.009
466606.960 4559275.203     14.090
466606.557 4559275.977     14.178
466606.089 4559276.713     14.275
466605.557 4559277.405     14.379
466604.968 4559278.048     14.490
466604.325 4559278.637     14.606
466603.633 4559279.169     14.727
466602.897 4559279.637     14.852
466602.123 4559280.040     14.987
466601.317 4559280.374     15.162
466600.485 4559280.636     15.341
466599.633 4559280.825     15.542
466598.769 4559280.939     15.777
466597.897 4559280.977     16.003
466597.025 4559280.939     16.215
466596.161 4559280.825     16.414
466595.309 4559280.636     16.601
466594.477 4559280.374     16.774
466593.671 4559280.040     16.930
466592.897 4559279.637     17.088
466592.161 4559279.169     17.232
466591.469 4559278.637     17.361
466590.826 4559278.048     17.474
466590.237 4559277.405     17.571
466589.705 4559276.713     17.587
466589.237 4559275.977     17.564
466588.834 4559275.203     17.534
466588.500 4559274.397     17.519
466588.238 4559273.565     17.518
466588.049 4559272.713     17.504
466587.935 4559271.849     17.478
466587.897 4559270.977     17.440
466587.935 4559270.105     17.391
466588.049 4559269.241     17.232
466588.238 4559268.389     17.051
466588.500 4559267.557     16.862
466588.834 4559266.751     16.667
466589.237 4559265.977     16.467
466589.705 4559265.241     16.263
466590.237 4559264.549     16.062
466590.826 4559263.906     15.704
466591.469 4559263.317     15.294
466592.161 4559262.785     14.890
466592.897 4559262.317     14.494
466593.671 4559261.914     14.111
466594.477 4559261.580     13.742
466595.309 4559261.318     13.391
466596.161 4559261.129     13.059
466597.025 4559261.015     12.701
466597.897 4559260.977     12.361
466598.769 4559261.015     12.072
466599.633 4559261.129     11.859
466600.485 4559261.318     11.869
466601.317 4559261.580     12.048
466602.123 4559261.914     12.279
466602.897 4559262.317     12.534
466603.633 4559262.785     12.618
466604.325 4559263.317     12.709
466604.968 4559263.906     12.812
466605.557 4559264.549     12.926
466606.089 4559265.241     13.052
466606.557 4559265.977     13.151
466606.960 4559266.751     13.244
466607.294 4559267.557     13.353
466607.556 4559268.389     13.477
466607.745 4559269.241     13.603
466607.859 4559270.105     13.668
466561.538 4559289.670     16.371
466561.500 4559290.542     16.350
466561.386 4559291.406     16.347
466561.197 4559292.258     16.336
466560.935 4559293.090     16.316
466560.601 4559293.896     16.289
466560.198 4559294.670     16.253
466559.730 4559295.406     16.260
466559.198 4559296.098     16.308
466558.609 4559296.741     16.359
466557.966 4559297.330     16.414
466557.274 4559297.862     16.472
466556.538 4559298.330     16.533
466555.764 4559298.733     16.606
466554.958 4559299.067     16.686
466554.126 4559299.329     16.767
466553.274 4559299.518     16.847
466552.410 4559299.632     16.924
466551.538 4559299.670     17.000
466550.666 4559299.632     17.066
466549.802 4559299.518     17.122
466548.950 4559299.329     17.149
466548.118 4559299.067     17.173
466547.312 4559298.733     17.193
466546.538 4559298.330     17.210
466545.802 4559297.862     17.224
466545.110 4559297.330     17.225
466544.467 4559296.741     17.220
466543.878 4559296.098     17.211
466543.346 4559295.406     17.197
466542.878 4559294.670     17.180
466542.475 4559293.896     17.158
466542.141 4559293.090     17.133
466541.879 4559292.258     17.104
466541.690 4559291.406     17.071
466541.576 4559290.542     17.034
466541.538 4559289.670     16.953
466541.576 4559288.798     16.808
466541.690 4559287.934     16.702
466541.879 4559287.082     16.603
466542.141 4559286.250     16.513
466542.475 4559285.444     16.433
466542.878 4559284.670     16.364
466543.346 4559283.934     16.305
466543.878 4559283.242     16.257
466544.467 4559282.599     16.222
466545.110 4559282.010     16.198
466545.802 4559281.478     16.136
466546.538 4559281.010     16.093
466547.312 4559280.607     16.140
466548.118 4559280.273     16.194
466548.950 4559280.011     16.252
466549.802 4559279.822     16.317
466550.666 4559279.708     16.383
466551.538 4559279.670     16.437
466552.410 4559279.708     16.487
466553.274 4559279.822     16.536
466554.126 4559280.011     16.584
466554.958 4559280.273     16.645
466555.764 4559280.607     16.707
466556.538 4559281.010     16.770
466557.274 4559281.478     16.834
466557.966 4559282.010     16.898
466558.609 4559282.599     16.819
466559.198 4559283.242     16.735
466559.730 4559283.934     16.651
466560.198 4559284.670     16.591
466560.601 4559285.444     16.558
466560.935 4559286.250     16.539
466561.197 4559287.082     16.511
466561.386 4559287.934     16.473
466561.500 4559288.798     16.427
466515.409 4559308.280     15.778
466515.371 4559309.152     15.662
466515.257 4559310.016     15.532
466515.068 4559310.868     15.383
466514.806 4559311.700     15.238
466514.472 4559312.506     15.096
466514.069 4559313.280     14.930
466513.601 4559314.016     14.714
466513.069 4559314.708     14.506
466512.480 4559315.351     14.307
466511.837 4559315.940     14.137
466511.145 4559316.472     13.987
466510.409 4559316.940     13.787
466509.635 4559317.343     13.604
466508.829 4559317.677     13.442
466507.997 4559317.939     13.297
466507.145 4559318.128     13.169
466506.281 4559318.242     13.060
466505.409 4559318.280     12.972
466504.537 4559318.242     12.903
466503.673 4559318.128     12.856
466502.821 4559317.939     12.829
466501.989 4559317.677     12.822
466501.183 4559317.343     12.837
466500.409 4559316.940     12.873
466499.673 4559316.472     12.879
466498.981 4559315.940     12.877
466498.338 4559315.351     12.903
466497.749 4559314.708     12.958
466497.217 4559314.016     13.040
466496.749 4559313.280     13.149
466496.346 4559312.506     13.284
466496.012 4559311.700     13.444
466495.750 4559310.868     13.628
466495.561 4559310.016     13.877
466495.447 4559309.152     14.135
466495.409 4559308.280     14.350
466495.447 4559307.408     14.572
466495.561 4559306.544     14.799
466495.750 4559305.692     15.015
466496.012 4559304.860     15.130
466496.346 4559304.054     15.246
466496.749 4559303.280     15.361
466497.217 4559302.544     15.474
466497.749 4559301.852     15.585
466498.338 4559301.209     15.692
466498.981 4559300.620     15.795
466499.673 4559300.088     15.898
466500.409 4559299.620     15.992
466501.183 4559299.217     16.112
466501.989 4559298.883     16.238
466502.821 4559298.621     16.361
466503.673 4559298.432     16.479
466504.537 4559298.318     16.590
466505.409 4559298.280     16.694
466506.281 4559298.318     16.789
466507.145 4559298.432     16.876
466507.997 4559298.621     16.952
466508.829 4559298.883     17.019
466509.635 4559299.217     17.075
466510.409 4559299.620     17.088
466511.145 4559300.088     17.065
466511.837 4559300.620     17.000
466512.480 4559301.209     16.909
466513.069 4559301.852     16.804
466513.601 4559302.544     16.685
466514.069 4559303.280     16.552
466514.472 4559304.054     16.412
466514.806 4559304.860     16.279
466515.068 4559305.692     16.136
466515.257 4559306.544     15.990
466515.371 4559307.408     15.886
466433.370 4559357.893      7.736
466433.332 4559358.765      7.716
466433.218 4559359.629      7.699
466433.029 4559360.481      7.704
466432.767 4559361.313      7.724
466432.433 4559362.119      7.747
466432.030 4559362.893      7.771
466431.562 4559363.629      7.798
466431.030 4559364.321      7.825
466430.441 4559364.964      7.855
466429.798 4559365.553      7.875
466429.106 4559366.085      7.872
466428.370 4559366.553      7.867
466427.596 4559366.956      7.861
466426.790 4559367.290      7.854
466425.958 4559367.552      7.845
466425.106 4559367.741      7.835
466424.242 4559367.855      7.824
466423.370 4559367.893      7.811
466422.498 4559367.855      7.797
466421.634 4559367.741      7.795
466420.782 4559367.552      7.801
466419.950 4559367.290      7.806
466419.144 4559366.956      7.809
466418.370 4559366.553      7.812
466417.634 4559366.085      7.816
466416.942 4559365.553      7.820
466416.299 4559364.964      7.824
466415.710 4559364.321      7.828
466415.178 4559363.629      7.843
466414.710 4559362.893      7.857
466414.307 4559362.119      7.872
466413.973 4559361.313      7.886
466413.711 4559360.481      7.900
466413.522 4559359.629      7.927
466413.408 4559358.765      7.972
466413.370 4559357.893      8.042
466413.408 4559357.021      8.144
466413.522 4559356.157      8.244
466413.711 4559355.305      8.341
466413.973 4559354.473      8.434
466414.307 4559353.667      8.523
466414.710 4559352.893      8.607
466415.178 4559352.157      8.679
466415.710 4559351.465      8.739
466416.299 4559350.822      8.793
466416.942 4559350.233      8.839
466417.634 4559349.701      8.853
466418.370 4559349.233      8.845
466419.144 4559348.830      8.834
466419.950 4559348.496      8.820
466420.782 4559348.234      8.762
466421.634 4559348.045      8.696
466422.498 4559347.931      8.628
466423.370 4559347.893      8.558
466424.242 4559347.931      8.485
466425.106 4559348.045      8.411
466425.958 4559348.234      8.336
466426.790 4559348.496      8.261
466427.596 4559348.830      8.183
466428.370 4559349.233      8.093
466429.106 4559349.701      8.002
466429.798 4559350.233      7.956
466430.441 4559350.822      7.927
466431.030 4559351.465      7.902
466431.562 4559352.157      7.879
466432.030 4559352.893      7.856
466432.433 4559353.667      7.834
466432.767 4559354.473      7.814
466433.029 4559355.305      7.795
466433.218 4559356.157      7.777
466433.332 4559357.021      7.758
